#-- forward hits sorted by %sim
0 0 0
0 0 0


304230 304573 66.6666666666667
304409 304692 66.6666666666667


57294 193731 85.9872611464968
57601 194030 85.9872611464968


193731 197435 85.9872611464968
194030 197742 85.9872611464968


193731 57294 85.9872611464968
194030 57601 85.9872611464968


197435 193731 85.9872611464968
197742 194030 85.9872611464968


235981 242487 88.2907133243607
236723 243147 88.2907133243607


242487 235981 88.2907133243607
243147 236723 88.2907133243607


356608 365403 88.5
356807 365580 88.5


365403 356608 88.5
365580 356807 88.5


193565 194606 89.2280071813286
194121 195114 89.2280071813286


194606 193565 89.2280071813286
195114 194121 89.2280071813286


134286 159325 91.2820512820513
134478 159512 91.2820512820513


159325 134286 91.2820512820513
159512 134478 91.2820512820513


56728 193249 92.8455284552846
57336 193849 92.8455284552846


193249 56728 92.8455284552846
193849 57336 92.8455284552846


326114 326425 92.9144385026738
326835 327146 92.9144385026738


326425 326114 92.9144385026738
327146 326835 92.9144385026738


193243 196863 92.914653784219
193849 197477 92.914653784219


196863 193243 92.914653784219
197477 193849 92.914653784219


257880 257980 93.1818181818182
258011 258104 93.1818181818182


257980 257880 93.1818181818182
258104 258011 93.1818181818182


210279 356464 93.3139534883721
210600 356807 93.3139534883721


356464 210279 93.3139534883721
356807 210600 93.3139534883721


132647 136452 93.3333333333333
132825 136625 93.3333333333333


136452 132647 93.3701657458564
136625 132825 93.3701657458564


318872 319939 93.7777777777778
319321 320361 93.7777777777778


319939 318872 93.7777777777778
320361 319321 93.7777777777778


131125 178970 93.8271604938272
131444 179292 93.8271604938272


135838 178970 93.8271604938272
136157 179292 93.8271604938272


178970 182757 93.8271604938272
179292 183076 93.8271604938272


178970 135838 93.8271604938272
179292 136157 93.8271604938272


178970 131125 93.8271604938272
179292 131444 93.8271604938272


182757 178970 93.8271604938272
183076 179292 93.8271604938272


99848 101108 94.4086021505376
100290 101571 94.4086021505376


101108 99848 94.4086021505376
101571 100290 94.4086021505376


337624 303301 94.6091644204852
337988 303667 94.6091644204852


37016 45055 94.6142649199418
38354 46392 94.6142649199418


45055 37016 94.6142649199418
46392 38354 94.6142649199418


303301 337624 94.6380697050938
303667 337988 94.6380697050938


368252 371573 94.6428571428571
368362 371683 94.6428571428571


371573 368252 94.6428571428571
371683 368362 94.6428571428571


66223 89121 94.7368421052632
66431 89320 94.7368421052632


89121 66223 94.7368421052632
89320 66431 94.7368421052632


35285 56565 94.7674418604651
35456 56727 94.7674418604651


56565 35285 94.7674418604651
56727 35456 94.7674418604651


132678 134061 95
133087 134478 95


134061 132678 95
134478 133087 95


249922 326114 95.0184501845018
250463 326629 95.0184501845018


326114 249922 95.0184501845018
326629 250463 95.0184501845018


31044 37016 95.1612903225807
31787 37724 95.1612903225807


37016 31044 95.1612903225807
37724 31787 95.1612903225807


37016 39889 95.1742627345844
37726 40634 95.1742627345844


39889 37016 95.1742627345844
40634 37726 95.1742627345844


326114 328656 95.3198127925117
326727 329296 95.3198127925117


328656 326114 95.3198127925117
329296 326727 95.3198127925117


356054 370467 95.4308093994778
356807 371210 95.4308093994778


370467 356054 95.4308093994778
371210 356807 95.4308093994778


56728 196869 95.4446854663775
57628 197769 95.4446854663775


56728 196869 95.4446854663775
57628 197769 95.4446854663775


196869 56728 95.4446854663775
197769 57628 95.4446854663775


196869 56728 95.4446854663775
197769 57628 95.4446854663775


353137 368252 95.5357142857143
353247 368362 95.5357142857143


354049 368252 95.5357142857143
354159 368362 95.5357142857143


354778 368252 95.5357142857143
354888 368362 95.5357142857143


355507 368252 95.5357142857143
355617 368362 95.5357142857143


356236 368252 95.5357142857143
356346 368362 95.5357142857143


356987 368252 95.5357142857143
357097 368362 95.5357142857143


357716 368252 95.5357142857143
357826 368362 95.5357142857143


358445 368252 95.5357142857143
358555 368362 95.5357142857143


359174 368252 95.5357142857143
359284 368362 95.5357142857143


360086 368252 95.5357142857143
360196 368362 95.5357142857143


365943 368252 95.5357142857143
366053 368362 95.5357142857143


368252 355507 95.5357142857143
368362 355617 95.5357142857143


368252 365943 95.5357142857143
368362 366053 95.5357142857143


368252 374265 95.5357142857143
368362 374375 95.5357142857143


368252 360086 95.5357142857143
368362 360196 95.5357142857143


368252 372485 95.5357142857143
368362 372595 95.5357142857143


368252 359174 95.5357142857143
368362 359284 95.5357142857143


368252 354778 95.5357142857143
368362 354888 95.5357142857143


368252 375518 95.5357142857143
368362 375628 95.5357142857143


368252 354049 95.5357142857143
368362 354159 95.5357142857143


368252 353137 95.5357142857143
368362 353247 95.5357142857143


368252 356987 95.5357142857143
368362 357097 95.5357142857143


368252 356236 95.5357142857143
368362 356346 95.5357142857143


368252 357716 95.5357142857143
368362 357826 95.5357142857143


368252 370661 95.5357142857143
368362 370771 95.5357142857143


368252 358445 95.5357142857143
368362 358555 95.5357142857143


370661 368252 95.5357142857143
370771 368362 95.5357142857143


372485 368252 95.5357142857143
372595 368362 95.5357142857143


374265 368252 95.5357142857143
374375 368362 95.5357142857143


375518 368252 95.5357142857143
375628 368362 95.5357142857143


100773 125953 95.5789473684211
101247 126406 95.5789473684211


100983 125953 95.5789473684211
101457 126406 95.5789473684211


125953 100773 95.5789473684211
126406 101247 95.5789473684211


125953 100983 95.5789473684211
126406 101457 95.5789473684211


211206 340617 95.6427015250545
211664 341055 95.6427015250545


211206 340617 95.6427015250545
211664 341055 95.6427015250545


340617 211206 95.6427015250545
341055 211664 95.6427015250545


340617 211206 95.6427015250545
341055 211664 95.6427015250545


232920 242333 95.703125
233417 242844 95.703125


242333 232920 95.703125
242844 233417 95.703125


318872 319731 95.7446808510638
319529 320361 95.7446808510638


319731 318872 95.7446808510638
320361 319529 95.7446808510638


356236 369738 95.8041958041958
356807 370286 95.8041958041958


369738 356236 95.8041958041958
370286 356807 95.8041958041958


39696 44862 95.8164094232331
42153 47230 95.8164094232331


44862 39696 95.8164094232331
47230 42153 95.8164094232331


99848 100898 95.8518518518518
100500 101571 95.8518518518518


100898 99848 95.8518518518518
101571 100500 95.8518518518518


129710 133939 95.9409594095941
130241 134478 95.9409594095941


133939 129710 95.9409594095941
134478 130241 95.9409594095941


33973 37016 95.9821428571429
34868 37876 95.9821428571429


37016 33973 95.9821428571429
37876 34868 95.9821428571429


353111 356210 95.9866220735786
353686 356807 95.9866220735786


356210 353111 95.9866220735786
356807 353686 95.9866220735786


237531 242333 96.1145194274029
238005 242821 96.1145194274029


242333 237531 96.1145194274029
242821 238005 96.1145194274029


196035 194606 96.1788031723143
197372 195992 96.1788031723143


326264 328495 96.2593516209476
327038 329296 96.2593516209476


328495 326264 96.2593516209476
329296 327038 96.2593516209476


242333 331192 96.2809917355372
242816 331661 96.2809917355372


331192 242333 96.2809917355372
331661 242816 96.2809917355372


132647 130731 96.3585434173669
133002 131081 96.3585434173669


132647 135444 96.3585434173669
133002 135794 96.3585434173669


130731 132647 96.3687150837989
131081 133002 96.3687150837989


135444 132647 96.3687150837989
135794 133002 96.3687150837989


249630 326444 96.4334705075446
250358 327146 96.4334705075446


326444 249630 96.4334705075446
327146 250358 96.4334705075446


37016 66783 96.4782205746061
38059 67859 96.4782205746061


66783 37016 96.4782205746061
67859 38059 96.4782205746061


318872 319523 96.5357967667437
319737 320361 96.5357967667437


319523 318872 96.5357967667437
320361 319737 96.5357967667437


99848 100058 96.5494791666667
101361 101571 96.5494791666667


100058 99848 96.5494791666667
101571 101361 96.5494791666667


230623 232231 96.6726296958855
233417 234944 96.6726296958855


232231 230623 96.6726296958855
234944 233417 96.6726296958855


242333 244028 96.6731898238748
242843 244524 96.6731898238748


244028 242333 96.6731898238748
244524 242843 96.6731898238748


356054 371391 96.684350132626
356807 372122 96.684350132626


371391 356054 96.684350132626
372122 356807 96.684350132626


356086 374115 96.742209631728
356791 374798 96.742209631728


374115 356086 96.742209631728
374798 356791 96.742209631728


37016 54977 96.7625899280576
38092 56088 96.7625899280576


54977 37016 96.7625899280576
56088 38092 96.7625899280576


249630 326133 96.7625899280576
250463 326940 96.7625899280576


326133 249630 96.7625899280576
326940 250463 96.7625899280576


208468 272263 96.7741935483871
208677 272479 96.7741935483871


272263 208468 96.7741935483871
272479 208677 96.7741935483871


131619 133919 96.797153024911
132173 134478 96.797153024911


133919 131619 96.797153024911
134478 132173 96.797153024911


132647 133577 96.8131868131868
133549 134478 96.8131868131868


133577 132647 96.8166849615807
134478 133549 96.8166849615807


99848 100688 96.8361581920904
100710 101571 96.8361581920904


100688 99848 96.8361581920904
101571 100710 96.8361581920904


326240 327725 96.8652037617555
326554 328041 96.8652037617555


327725 326240 96.8652037617555
328041 326554 96.8652037617555


235981 246426 96.875
236076 246521 96.875


246426 235981 96.875
246521 236076 96.875


37016 61182 96.8938740293356
38139 62340 96.8938740293356


61182 37016 96.8938740293356
62340 38139 96.8938740293356


39696 52188 96.9082125603865
41761 54200 96.9082125603865


52188 39696 96.9082125603865
54200 41761 96.9082125603865


129710 133477 96.9246031746032
130703 134478 96.9246031746032


129710 133477 96.9246031746032
130703 134478 96.9246031746032


133477 129710 96.9246031746032
134478 130703 96.9246031746032


133477 129710 96.9246031746032
134478 130703 96.9246031746032


356054 372303 96.9496021220159
356807 373034 96.9496021220159


356054 375336 96.9496021220159
356807 376067 96.9496021220159


356054 365761 96.9496021220159
356807 366492 96.9496021220159


365761 356054 96.9496021220159
366492 356807 96.9496021220159


372303 356054 96.9496021220159
373034 356807 96.9496021220159


375336 356054 96.9496021220159
376067 356807 96.9496021220159


194606 195115 96.9663541092113
196418 196878 96.9663541092113


195115 194606 96.9663541092113
196878 196418 96.9663541092113


292633 374799 96.986301369863
292997 375155 96.986301369863


374799 292633 96.986301369863
375155 292997 96.986301369863


194606 195575 97.0763400108284
196452 197372 97.0763400108284


195575 194606 97.0763400108284
197372 196452 97.0763400108284


318872 319315 97.2067039106145
319945 320361 97.2067039106145


319315 318872 97.2067039106145
320361 319945 97.2067039106145


37016 52381 97.2343522561863
38354 53754 97.2343522561863


52381 37016 97.2343522561863
53754 38354 97.2343522561863


37046 49996 97.2470238095238
38354 51339 97.2470238095238


49996 37046 97.2470238095238
51339 38354 97.2470238095238


132647 159540 97.25
133046 159933 97.25


159540 132647 97.2568578553616
159933 133046 97.2568578553616


99848 100478 97.2602739726027
100920 101571 97.2602739726027


100478 99848 97.2602739726027
101571 100920 97.2602739726027


236077 242487 97.2768532526475
236723 243147 97.2768532526475


242487 236077 97.2768532526475
243147 236723 97.2768532526475


37016 47434 97.3071324599709
38354 48807 97.3071324599709


37016 71824 97.3071324599709
38354 73197 97.3071324599709


47434 37016 97.3071324599709
48807 38354 97.3071324599709


71824 37016 97.3071324599709
73197 38354 97.3071324599709


132647 133115 97.3110465116279
134011 134478 97.3110465116279


132647 133115 97.3110465116279
134011 134478 97.3110465116279


133115 132647 97.3129992737836
134478 134011 97.3129992737836


133115 132647 97.3129992737836
134478 134011 97.3129992737836


8422 53930 97.3333333333333
8718 54228 97.3333333333333


53930 8422 97.3333333333333
54228 8718 97.3333333333333


37016 58767 97.3799126637555
38354 60140 97.3799126637555


37016 42640 97.3799126637555
38354 44013 97.3799126637555


42640 37016 97.3799126637555
44013 38354 97.3799126637555


58767 37016 97.3799126637555
60140 38354 97.3799126637555


11622 203752 97.4093264248705
11814 203943 97.4093264248705


203752 11622 97.4093264248705
203943 11814 97.4093264248705


232116 242333 97.4233128834356
232916 243147 97.4233128834356


242333 232116 97.4233128834356
243147 232916 97.4233128834356


230623 242448 97.4285714285714
231308 243147 97.4285714285714


242448 230623 97.4285714285714
243147 231308 97.4285714285714


44189 65908 97.4411463664278
46097 67859 97.4411463664278


65908 44189 97.4411463664278
67859 46097 97.4411463664278


244525 267379 97.4774774774775
245079 267921 97.4774774774775


244525 267379 97.4774774774775
245079 267921 97.4774774774775


267379 244525 97.4774774774775
267921 245079 97.4774774774775


267379 244525 97.4774774774775
267921 245079 97.4774774774775


368201 369687 97.5308641975309
368362 369847 97.5308641975309


369687 368201 97.5308641975309
369847 368362 97.5308641975309


231312 242333 97.5460122699387
232112 243147 97.5460122699387


233643 242333 97.5460122699387
234443 243147 97.5460122699387


234447 242333 97.5460122699387
235247 243147 97.5460122699387


236727 242333 97.5460122699387
237527 243147 97.5460122699387


242333 233643 97.5460122699387
243147 234443 97.5460122699387


242333 234447 97.5460122699387
243147 235247 97.5460122699387


242333 231312 97.5460122699387
243147 232112 97.5460122699387


242333 236727 97.5460122699387
243147 237527 97.5460122699387


99848 100268 97.5478927203065
101130 101571 97.5478927203065


100268 99848 97.5478927203065
101571 101130 97.5478927203065


318872 319107 97.6599063962558
320153 320361 97.6599063962558


319107 318872 97.6599063962558
320361 320153 97.6599063962558


228862 242333 97.6687116564417
229662 243147 97.6687116564417


242333 228862 97.6687116564417
243147 229662 97.6687116564417


242333 250466 97.7044476327116
243029 251148 97.7044476327116


250466 242333 97.7044476327116
251148 243029 97.7044476327116


129710 133477 97.7091633466136
130703 134478 97.7091633466136


133477 129710 97.7091633466136
134478 130703 97.7091633466136


44460 54382 97.7152899824253
46130 56088 97.7152899824253


54382 44460 97.7152899824253
56088 46130 97.7152899824253


132647 131739 97.7358490566038
133176 132262 97.7358490566038


131739 132647 97.7401129943503
132262 133176 97.7401129943503


229655 250455 97.7900552486188
229834 250634 97.7900552486188


250455 229655 97.7900552486188
250634 229834 97.7900552486188


129710 136352 97.8102189781022
129979 136625 97.8102189781022


136352 129710 97.8102189781022
136625 129979 97.8102189781022


99848 101339 97.8632478632479
100080 101571 97.8632478632479


101339 99848 97.8632478632479
101571 100080 97.8632478632479


132647 133115 97.8862973760933
134011 134478 97.8862973760933


133115 132647 97.8878368536053
134478 134011 97.8878368536053


212482 235981 97.8947368421053
212576 236075 97.8947368421053


235981 212482 97.8947368421053
236075 212576 97.8947368421053


35122 145542 97.9035639412998
35597 146009 97.9035639412998


145542 35122 97.9035639412998
146009 35597 97.9035639412998


235501 246426 97.9166666666667
235596 246521 97.9166666666667


235597 246426 97.9166666666667
235692 246521 97.9166666666667


235693 246426 97.9166666666667
235788 246521 97.9166666666667


235789 246426 97.9166666666667
235884 246521 97.9166666666667


235885 246426 97.9166666666667
235980 246521 97.9166666666667


235981 250620 97.9166666666667
236076 250715 97.9166666666667


235981 239899 97.9166666666667
236076 239994 97.9166666666667


235981 248107 97.9166666666667
236076 248202 97.9166666666667


235981 244182 97.9166666666667
236076 244277 97.9166666666667


239899 235981 97.9166666666667
239994 236076 97.9166666666667


244182 235981 97.9166666666667
244277 236076 97.9166666666667


246426 235885 97.9166666666667
246521 235980 97.9166666666667


246426 235789 97.9166666666667
246521 235884 97.9166666666667


246426 235693 97.9166666666667
246521 235788 97.9166666666667


246426 235597 97.9166666666667
246521 235692 97.9166666666667


246426 235501 97.9166666666667
246521 235596 97.9166666666667


248107 235981 97.9166666666667
248202 236076 97.9166666666667


250620 235981 97.9166666666667
250715 236076 97.9166666666667


208433 285228 97.9827089337176
208772 285574 97.9827089337176


285228 208433 97.9827089337176
285574 208772 97.9827089337176


366855 368107 98.0544747081712
367110 368362 98.0544747081712


368107 366855 98.0544747081712
368362 367110 98.0544747081712


135691 159325 98.0769230769231
135794 159427 98.0769230769231


159325 135691 98.0769230769231
159427 135794 98.0769230769231


302731 355325 98.1308411214953
302835 355431 98.1308411214953


302731 356805 98.1308411214953
302835 356911 98.1308411214953


302731 358263 98.1308411214953
302835 358369 98.1308411214953


302731 357534 98.1308411214953
302835 357640 98.1308411214953


302731 354596 98.1308411214953
302835 354702 98.1308411214953


302731 356054 98.1308411214953
302835 356160 98.1308411214953


302731 358992 98.1308411214953
302835 359098 98.1308411214953


354596 302731 98.1308411214953
354702 302835 98.1308411214953


355325 302731 98.1308411214953
355431 302835 98.1308411214953


356054 302731 98.1308411214953
356160 302835 98.1308411214953


356805 302731 98.1308411214953
356911 302835 98.1308411214953


357534 302731 98.1308411214953
357640 302835 98.1308411214953


358263 302731 98.1308411214953
358369 302835 98.1308411214953


358992 302731 98.1308411214953
359098 302835 98.1308411214953


35068 37876 98.155737704918
35555 38354 98.155737704918


37876 35068 98.155737704918
38354 35555 98.155737704918


65960 165445 98.1963927855711
66458 165934 98.1963927855711


165445 65960 98.1963927855711
165934 66458 98.1963927855711


129710 131639 98.2428115015974
130328 132262 98.2428115015974


131639 129710 98.2428115015974
132262 130328 98.2428115015974


210279 369965 98.2456140350877
210950 370648 98.2456140350877


369965 210279 98.2456140350877
370648 210950 98.2456140350877


357534 370467 98.252688172043
358265 371210 98.252688172043


370467 357534 98.252688172043
371210 358265 98.252688172043


129710 130169 98.2551799345692
130618 131081 98.2551799345692


129710 130169 98.2551799345692
130618 131081 98.2551799345692


130169 129710 98.2551799345692
131081 130618 98.2551799345692


130169 129710 98.2551799345692
131081 130618 98.2551799345692


370499 374115 98.2758620689655
371194 374798 98.2758620689655


374115 370499 98.2758620689655
374798 371194 98.2758620689655


35093 64235 98.2785602503912
35731 64864 98.2785602503912


64235 35093 98.2785602503912
64864 35731 98.2785602503912


132647 129807 98.2879377431907
133926 131081 98.2879377431907


132647 129807 98.2879377431907
133926 131081 98.2879377431907


129807 132647 98.2892690513219
131081 133926 98.2892690513219


129807 132647 98.2892690513219
131081 133926 98.2892690513219


132647 130269 98.2905982905983
133464 131081 98.2905982905983


130269 132647 98.2926829268293
131081 133464 98.2926829268293


367001 371573 98.3050847457627
367117 371690 98.3050847457627


371573 367001 98.3050847457627
371690 367117 98.3050847457627


143550 143666 98.3240223463687
143728 143844 98.3240223463687


143666 143550 98.3240223463687
143844 143728 98.3240223463687


41491 65908 98.3630952380952
42153 66579 98.3630952380952


65908 41491 98.3630952380952
66579 42153 98.3630952380952


354596 370467 98.3870967741936
355327 371210 98.3870967741936


355325 370467 98.3870967741936
356056 371210 98.3870967741936


356805 370467 98.3870967741936
357536 371210 98.3870967741936


358263 370467 98.3870967741936
358994 371210 98.3870967741936


370467 354596 98.3870967741936
371210 355327 98.3870967741936


370467 356805 98.3870967741936
371210 357536 98.3870967741936


370467 355325 98.3870967741936
371210 356056 98.3870967741936


370467 358263 98.3870967741936
371210 358994 98.3870967741936


311257 313905 98.3985765124555
311817 314459 98.3985765124555


313905 311257 98.3985765124555
314459 311817 98.3985765124555


42437 44852 98.4042553191489
47476 49891 98.4042553191489


44852 42437 98.4042553191489
49891 47476 98.4042553191489


232909 250455 98.4313725490196
233417 250963 98.4313725490196


250455 232909 98.4313725490196
250963 233417 98.4313725490196


68022 145542 98.4732824427481
68151 145672 98.4732824427481


68314 145542 98.4732824427481
68443 145672 98.4732824427481


70066 145542 98.4732824427481
70195 145672 98.4732824427481


145542 68022 98.4732824427481
145672 68151 98.4732824427481


145542 68314 98.4732824427481
145672 68443 98.4732824427481


145542 70066 98.4732824427481
145672 70195 98.4732824427481


235240 250455 98.4732824427481
235500 250715 98.4732824427481


250455 235240 98.4732824427481
250715 235500 98.4732824427481


32302 43384 98.4807167900273
34868 45914 98.4807167900273


43384 32302 98.4807167900273
45914 34868 98.4807167900273


365943 369738 98.5185185185185
367010 370816 98.5185185185185


369738 365943 98.5185185185185
370816 367010 98.5185185185185


327725 329093 98.5294117647059
327927 329296 98.5294117647059


329093 327725 98.5294117647059
329296 327927 98.5294117647059


329825 371631 98.5294117647059
329960 371765 98.5294117647059


371631 329825 98.5294117647059
371765 329960 98.5294117647059


38432 65908 98.533724340176
39104 66589 98.533724340176


65908 38432 98.533724340176
66589 39104 98.533724340176


233074 236077 98.546511627907
233417 236420 98.546511627907


236077 233074 98.546511627907
236420 233417 98.546511627907


129710 133015 98.551774076756
131081 134388 98.551774076756


129710 133015 98.551774076756
131081 134388 98.551774076756


133015 129710 98.551774076756
134388 131081 98.551774076756


133015 129710 98.551774076756
134388 131081 98.551774076756


369738 375518 98.5523385300668
370634 376403 98.5523385300668


375518 369738 98.5523385300668
376403 370634 98.5523385300668


8422 35731 98.5663082437276
8700 36009 98.5663082437276


35731 8422 98.5663082437276
36009 8700 98.5663082437276


160631 188578 98.5714285714286
160700 188647 98.5714285714286


188578 160631 98.5714285714286
188647 160700 98.5714285714286


263318 267302 98.5842026825633
264658 268630 98.5842026825633


267302 263318 98.5842026825633
268630 264658 98.5842026825633


232917 244025 98.6
233416 244524 98.6


244025 232917 98.6
244524 233416 98.6


232917 246269 98.6027944111776
233417 246769 98.6027944111776


246269 232917 98.6027944111776
246769 233417 98.6027944111776


358992 370467 98.6238532110092
360285 371772 98.6238532110092


370467 358992 98.6238532110092
371772 360285 98.6238532110092


143550 143695 98.6666666666667
143699 143844 98.6666666666667


143695 143550 98.6666666666667
143844 143699 98.6666666666667


129710 130631 98.669623059867
130156 131081 98.669623059867


130631 129710 98.669623059867
131081 130156 98.669623059867


304573 304633 98.6842105263158
304724 304784 98.6842105263158


304633 304573 98.6842105263158
304784 304724 98.6842105263158


230623 233035 98.6945169712794
231005 233417 98.6945169712794


233035 230623 98.6945169712794
233417 231005 98.6945169712794


211665 245600 98.6970684039088
212576 246520 98.6970684039088


245600 211665 98.6970684039088
246520 212576 98.6970684039088


367672 371573 98.7179487179487
367826 371728 98.7179487179487


367817 371573 98.7179487179487
367971 371728 98.7179487179487


367962 371573 98.7179487179487
368116 371728 98.7179487179487


368107 371573 98.7179487179487
368261 371728 98.7179487179487


371573 367672 98.7179487179487
371728 367826 98.7179487179487


371573 367962 98.7179487179487
371728 368116 98.7179487179487


371573 368107 98.7179487179487
371728 368261 98.7179487179487


371573 367817 98.7179487179487
371728 367971 98.7179487179487


353869 356056 98.7255965292842
357534 359721 98.7255965292842


356056 353869 98.7255965292842
359721 357534 98.7255965292842


62578 67995 98.7261146496815
62734 68151 98.7261146496815


62578 70039 98.7261146496815
62734 70195 98.7261146496815


62578 68287 98.7261146496815
62734 68443 98.7261146496815


67995 62578 98.7261146496815
68151 62734 98.7261146496815


68287 62578 98.7261146496815
68443 62734 98.7261146496815


70039 62578 98.7261146496815
70195 62734 98.7261146496815


103245 143505 98.7341772151899
103323 143583 98.7341772151899


143505 103245 98.7341772151899
143583 103323 98.7341772151899


343119 373247 98.7341772151899
343197 373325 98.7341772151899


373247 343119 98.7341772151899
373325 343197 98.7341772151899


159009 189348 98.7381703470031
159325 189662 98.7381703470031


189348 159009 98.7381703470031
189662 159325 98.7381703470031


62339 67993 98.7421383647799
62497 68151 98.7421383647799


62339 68285 98.7421383647799
62497 68443 98.7421383647799


62339 70037 98.7421383647799
62497 70195 98.7421383647799


63524 70037 98.7421383647799
63682 70195 98.7421383647799


63524 67993 98.7421383647799
63682 68151 98.7421383647799


63524 68285 98.7421383647799
63682 68443 98.7421383647799


63998 70037 98.7421383647799
64156 70195 98.7421383647799


63998 68285 98.7421383647799
64156 68443 98.7421383647799


63998 67993 98.7421383647799
64156 68151 98.7421383647799


64235 68285 98.7421383647799
64393 68443 98.7421383647799


64235 70037 98.7421383647799
64393 70195 98.7421383647799


64235 67993 98.7421383647799
64393 68151 98.7421383647799


67993 62339 98.7421383647799
68151 62497 98.7421383647799


67993 64235 98.7421383647799
68151 64393 98.7421383647799


67993 63998 98.7421383647799
68151 64156 98.7421383647799


67993 63524 98.7421383647799
68151 63682 98.7421383647799


68285 62339 98.7421383647799
68443 62497 98.7421383647799


68285 64235 98.7421383647799
68443 64393 98.7421383647799


68285 63998 98.7421383647799
68443 64156 98.7421383647799


68285 63524 98.7421383647799
68443 63682 98.7421383647799


70037 62339 98.7421383647799
70195 62497 98.7421383647799


70037 64235 98.7421383647799
70195 64393 98.7421383647799


70037 63998 98.7421383647799
70195 64156 98.7421383647799


70037 63524 98.7421383647799
70195 63682 98.7421383647799


130149 131619 98.7616099071207
130790 132262 98.7616099071207


131619 133457 98.7616099071207
132262 134098 98.7616099071207


131619 130149 98.7616099071207
132262 130790 98.7616099071207


133457 131619 98.7616099071207
134098 132262 98.7616099071207


210723 302673 98.7878787878788
210887 302835 98.7878787878788


302673 366615 98.7878787878788
302835 366779 98.7878787878788


302673 365703 98.7878787878788
302835 365867 98.7878787878788


302673 210723 98.7878787878788
302835 210887 98.7878787878788


302673 375278 98.7878787878788
302835 375442 98.7878787878788


302673 359846 98.7878787878788
302835 360010 98.7878787878788


302673 353809 98.7878787878788
302835 353973 98.7878787878788


302673 371333 98.7878787878788
302835 371497 98.7878787878788


302673 376190 98.7878787878788
302835 376354 98.7878787878788


302673 372245 98.7878787878788
302835 372409 98.7878787878788


353809 302673 98.7878787878788
353973 302835 98.7878787878788


359846 302673 98.7878787878788
360010 302835 98.7878787878788


365703 302673 98.7878787878788
365867 302835 98.7878787878788


366615 302673 98.7878787878788
366779 302835 98.7878787878788


371333 302673 98.7878787878788
371497 302835 98.7878787878788


372245 302673 98.7878787878788
372409 302835 98.7878787878788


375278 302673 98.7878787878788
375442 302835 98.7878787878788


376190 302673 98.7878787878788
376354 302835 98.7878787878788


35068 40841 98.7933634992459
36393 42153 98.7933634992459


40841 35068 98.7933634992459
42153 36393 98.7933634992459


232113 244025 98.8
232612 244524 98.8


244025 232113 98.8
244524 232612 98.8


232917 239742 98.8023952095808
233417 240242 98.8023952095808


232917 247950 98.8023952095808
233417 248450 98.8023952095808


239742 232917 98.8023952095808
240242 233417 98.8023952095808


247950 232917 98.8023952095808
248450 233417 98.8023952095808


212325 232113 98.8095238095238
212576 232364 98.8095238095238


212325 237528 98.8095238095238
212576 237779 98.8095238095238


212325 233640 98.8095238095238
212576 233891 98.8095238095238


232113 212325 98.8095238095238
232364 212576 98.8095238095238


233640 212325 98.8095238095238
233891 212576 98.8095238095238


237528 212325 98.8095238095238
237779 212576 98.8095238095238


235248 246269 98.8142292490119
235500 246521 98.8142292490119


246269 235248 98.8142292490119
246521 235500 98.8142292490119


229666 242333 98.8165680473373
229834 242501 98.8165680473373


242333 229666 98.8165680473373
242501 229834 98.8165680473373


242333 247953 98.8172678888232
244023 249629 98.8172678888232


247953 242333 98.8172678888232
249629 244023 98.8172678888232


239745 242333 98.8200589970501
241425 244027 98.8200589970501


242333 239745 98.8200589970501
244027 241425 98.8200589970501


212325 229663 98.8372093023256
212496 229834 98.8372093023256


229663 247950 98.8372093023256
229834 248121 98.8372093023256


229663 212325 98.8372093023256
229834 212496 98.8372093023256


229663 239742 98.8372093023256
229834 239913 98.8372093023256


229663 244025 98.8372093023256
229834 244196 98.8372093023256


229663 246269 98.8372093023256
229834 246440 98.8372093023256


239742 229663 98.8372093023256
239913 229834 98.8372093023256


244025 229663 98.8372093023256
244196 229834 98.8372093023256


246269 229663 98.8372093023256
246440 229834 98.8372093023256


247950 229663 98.8372093023256
248121 229834 98.8372093023256


359174 369738 98.8434163701068
360285 370860 98.8434163701068


369738 359174 98.8434163701068
370860 360285 98.8434163701068


34869 101399 98.8505747126437
35041 101571 98.8505747126437


101399 34869 98.8505747126437
101571 35041 98.8505747126437


235501 242487 98.8505747126437
235587 242573 98.8505747126437


235597 242487 98.8505747126437
235683 242573 98.8505747126437


235693 242487 98.8505747126437
235779 242573 98.8505747126437


235789 242487 98.8505747126437
235875 242573 98.8505747126437


235885 242487 98.8505747126437
235971 242573 98.8505747126437


242487 235693 98.8505747126437
242573 235779 98.8505747126437


242487 235501 98.8505747126437
242573 235587 98.8505747126437


242487 235885 98.8505747126437
242573 235971 98.8505747126437


242487 235789 98.8505747126437
242573 235875 98.8505747126437


242487 235597 98.8505747126437
242573 235683 98.8505747126437


43426 70195 98.8538681948424
46879 73684 98.8538681948424


70195 43426 98.8538681948424
73684 46879 98.8538681948424


140781 144171 98.8814317673378
141227 144617 98.8814317673378


144171 140781 98.8814317673378
144617 141227 98.8814317673378


40866 64235 98.8888888888889
41491 64864 98.8888888888889


64235 40866 98.8888888888889
64864 41491 98.8888888888889


328495 329117 98.8888888888889
328673 329296 98.8888888888889


329117 328495 98.8888888888889
329296 328673 98.8888888888889


263318 266638 98.9032901296112
265322 268630 98.9032901296112


266638 263318 98.9032901296112
268630 265322 98.9032901296112


245079 248450 98.9066442388562
246267 249629 98.9066442388562


248450 245079 98.9066442388562
249629 246267 98.9066442388562


132647 129807 98.9071038251366
133926 131081 98.9071038251366


129807 132647 98.9079563182527
131081 133926 98.9079563182527


240242 245079 98.9103101424979
241425 246271 98.9103101424979


245079 240242 98.9103101424979
246271 241425 98.9103101424979


48983 65908 98.9106753812636
49891 66825 98.9106753812636


65908 48983 98.9106753812636
66825 49891 98.9106753812636


355327 353869 98.9137813985064
359723 358265 98.9137813985064


353867 355325 98.9142727889618
358265 359723 98.9142727889618


131619 132995 98.9164086687307
132262 133636 98.9164086687307


132995 131619 98.9164086687307
133636 132262 98.9164086687307


8422 33107 98.9247311827957
8700 33385 98.9247311827957


8422 38432 98.9247311827957
8700 38710 98.9247311827957


8422 70958 98.9247311827957
8700 71236 98.9247311827957


8422 41491 98.9247311827957
8700 41769 98.9247311827957


8422 44189 98.9247311827957
8700 44467 98.9247311827957


8422 46568 98.9247311827957
8700 46846 98.9247311827957


8422 48983 98.9247311827957
8700 49261 98.9247311827957


8422 51515 98.9247311827957
8700 51793 98.9247311827957


8422 57901 98.9247311827957
8700 58179 98.9247311827957


8422 60316 98.9247311827957
8700 60594 98.9247311827957


8422 73373 98.9247311827957
8700 73651 98.9247311827957


33107 8422 98.9247311827957
33385 8700 98.9247311827957


38432 8422 98.9247311827957
38710 8700 98.9247311827957


41491 8422 98.9247311827957
41769 8700 98.9247311827957


44189 8422 98.9247311827957
44467 8700 98.9247311827957


46568 8422 98.9247311827957
46846 8700 98.9247311827957


48983 8422 98.9247311827957
49261 8700 98.9247311827957


51515 8422 98.9247311827957
51793 8700 98.9247311827957


57901 8422 98.9247311827957
58179 8700 98.9247311827957


60316 8422 98.9247311827957
60594 8700 98.9247311827957


70958 8422 98.9247311827957
71236 8700 98.9247311827957


73373 8422 98.9247311827957
73651 8700 98.9247311827957


35068 53276 98.9293361884368
36001 54200 98.9293361884368


53276 35068 98.9293361884368
54200 36001 98.9293361884368


159934 163544 98.936170212766
160027 163637 98.936170212766


163544 159934 98.936170212766
163637 160027 98.936170212766


179848 179788 98.9369779802582
188987 188987 98.9369779802582


212482 235789 98.9473684210526
212576 235883 98.9473684210526


212482 235501 98.9473684210526
212576 235595 98.9473684210526


212482 236077 98.9473684210526
212576 236171 98.9473684210526


212482 235597 98.9473684210526
212576 235691 98.9473684210526


212482 235885 98.9473684210526
212576 235979 98.9473684210526


212482 235693 98.9473684210526
212576 235787 98.9473684210526


216322 224464 98.9473684210526
216605 224748 98.9473684210526


224464 216322 98.9473684210526
224748 216605 98.9473684210526


235501 212482 98.9473684210526
235595 212576 98.9473684210526


235597 212482 98.9473684210526
235691 212576 98.9473684210526


235693 212482 98.9473684210526
235787 212576 98.9473684210526


235789 212482 98.9473684210526
235883 212576 98.9473684210526


235885 212482 98.9473684210526
235979 212576 98.9473684210526


236077 212482 98.9473684210526
236171 212576 98.9473684210526


365403 370109 98.9506172839506
367010 371728 98.9506172839506


370109 365403 98.9506172839506
371728 367010 98.9506172839506


45085 49996 98.9536266349584
49253 54200 98.9536266349584


49996 45085 98.9536266349584
54200 49253 98.9536266349584


229016 235981 98.9583333333333
229111 236076 98.9583333333333


230662 235981 98.9583333333333
230757 236076 98.9583333333333


231466 235981 98.9583333333333
231561 236076 98.9583333333333


232270 235981 98.9583333333333
232365 236076 98.9583333333333


233074 235981 98.9583333333333
233169 236076 98.9583333333333


233797 235981 98.9583333333333
233892 236076 98.9583333333333


234601 235981 98.9583333333333
234696 236076 98.9583333333333


235501 244182 98.9583333333333
235596 244277 98.9583333333333


235501 239899 98.9583333333333
235596 239994 98.9583333333333


235501 248107 98.9583333333333
235596 248202 98.9583333333333


235501 250620 98.9583333333333
235596 250715 98.9583333333333


235597 248107 98.9583333333333
235692 248202 98.9583333333333


235597 244182 98.9583333333333
235692 244277 98.9583333333333


235597 239899 98.9583333333333
235692 239994 98.9583333333333


235597 250620 98.9583333333333
235692 250715 98.9583333333333


235693 248107 98.9583333333333
235788 248202 98.9583333333333


235693 250620 98.9583333333333
235788 250715 98.9583333333333


235693 239899 98.9583333333333
235788 239994 98.9583333333333


235693 244182 98.9583333333333
235788 244277 98.9583333333333


235789 250620 98.9583333333333
235884 250715 98.9583333333333


235789 248107 98.9583333333333
235884 248202 98.9583333333333


235789 239899 98.9583333333333
235884 239994 98.9583333333333


235789 244182 98.9583333333333
235884 244277 98.9583333333333


235885 248107 98.9583333333333
235980 248202 98.9583333333333


235885 244182 98.9583333333333
235980 244277 98.9583333333333


235885 250620 98.9583333333333
235980 250715 98.9583333333333


235885 239899 98.9583333333333
235980 239994 98.9583333333333


235981 234601 98.9583333333333
236076 234696 98.9583333333333


235981 233797 98.9583333333333
236076 233892 98.9583333333333


235981 236881 98.9583333333333
236076 236976 98.9583333333333


235981 331346 98.9583333333333
236076 331441 98.9583333333333


235981 229016 98.9583333333333
236076 229111 98.9583333333333


235981 233074 98.9583333333333
236076 233169 98.9583333333333


235981 232270 98.9583333333333
236076 232365 98.9583333333333


235981 230662 98.9583333333333
236076 230757 98.9583333333333


235981 237685 98.9583333333333
236076 237780 98.9583333333333


235981 231466 98.9583333333333
236076 231561 98.9583333333333


236881 235981 98.9583333333333
236976 236076 98.9583333333333


237685 235981 98.9583333333333
237780 236076 98.9583333333333


239899 235693 98.9583333333333
239994 235788 98.9583333333333


239899 235885 98.9583333333333
239994 235980 98.9583333333333


239899 235597 98.9583333333333
239994 235692 98.9583333333333


239899 235501 98.9583333333333
239994 235596 98.9583333333333


239899 235789 98.9583333333333
239994 235884 98.9583333333333


244182 235885 98.9583333333333
244277 235980 98.9583333333333


244182 235693 98.9583333333333
244277 235788 98.9583333333333


244182 235501 98.9583333333333
244277 235596 98.9583333333333


244182 235789 98.9583333333333
244277 235884 98.9583333333333


244182 235597 98.9583333333333
244277 235692 98.9583333333333


248107 235885 98.9583333333333
248202 235980 98.9583333333333


248107 235789 98.9583333333333
248202 235884 98.9583333333333


248107 235693 98.9583333333333
248202 235788 98.9583333333333


248107 235597 98.9583333333333
248202 235692 98.9583333333333


248107 235501 98.9583333333333
248202 235596 98.9583333333333


250620 235597 98.9583333333333
250715 235692 98.9583333333333


250620 235501 98.9583333333333
250715 235596 98.9583333333333


250620 235885 98.9583333333333
250715 235980 98.9583333333333


250620 235693 98.9583333333333
250715 235788 98.9583333333333


250620 235789 98.9583333333333
250715 235884 98.9583333333333


331346 235981 98.9583333333333
331441 236076 98.9583333333333


237520 250455 98.9733059548255
238005 250940 98.9733059548255


250455 237520 98.9733059548255
250940 238005 98.9733059548255


35068 72719 98.974358974359
36042 73684 98.974358974359


72719 35068 98.974358974359
73684 36042 98.974358974359


19879 194122 98.9754098360656
20366 194605 98.9754098360656


194122 19879 98.9754098360656
194605 20366 98.9754098360656


130149 136332 98.9795918367347
130441 136625 98.9795918367347


133919 136332 98.9795918367347
134211 136625 98.9795918367347


136332 130149 98.9795918367347
136625 130441 98.9795918367347


136332 133919 98.9795918367347
136625 134211 98.9795918367347


166772 168216 98.9795918367347
166967 168411 98.9795918367347


168216 166772 98.9795918367347
168411 166967 98.9795918367347


232105 250455 98.9928057553957
232798 251148 98.9928057553957


250455 232105 98.9928057553957
251148 232798 98.9928057553957


42437 58564 98.9939105109876
46177 62340 98.9939105109876


58564 42437 98.9939105109876
62340 46177 98.9939105109876


